"activity" "subject" "class" "mean" "sd"
"LAYING" 10 6 -0.44156500855748 0.490109268902491
"LAYING" 12 6 -0.508086236045606 0.503778573784079
"LAYING" 13 6 -0.495520215294449 0.507536684934289
"LAYING" 18 6 -0.554871723221615 0.510829344636885
"LAYING" 20 6 -0.488484740349164 0.501909977046085
"LAYING" 24 6 -0.532915921247308 0.506897852697339
"SITTING" 22 4 -0.295767891118117 0.465636800385426
"SITTING" 23 4 -0.475827255097812 0.507161328898879
"SITTING" 25 4 -0.546032397931626 0.511719756490632
"SITTING" 26 4 -0.53156690682358 0.510550381436544
"SITTING" 27 4 -0.536397143012394 0.512075457117072
"SITTING" 28 4 -0.540608667799695 0.503964508049368
"STANDING" 2 5 -0.486713996139449 0.502811089306893
"STANDING" 4 5 -0.516905997620793 0.509131852685244
"STANDING" 9 5 -0.502495097191743 0.500843675962414
"STANDING" 10 5 -0.575249732118115 0.524363038418872
"STANDING" 28 5 -0.514217755537254 0.50081485838232
"STANDING" 29 5 -0.515399693128953 0.510407502152705
"STANDING" 30 5 -0.515229704083787 0.500361287803291
"WALKING" 1 1 -0.463716542749936 0.497295074540271
"WALKING" 3 1 -0.513305700948802 0.503373423412521
"WALKING" 5 1 -0.486744619244046 0.504180551402664
"WALKING" 6 1 -0.465296805542408 0.499756707252724
"WALKING" 7 1 -0.489057862500484 0.502623938425635
"WALKING" 8 1 -0.5425982704199 0.51573320188475
"WALKING_DOWNSTAIRS" 17 3 -0.522491665646238 0.513631687446813
"WALKING_DOWNSTAIRS" 19 3 -0.483419110756989 0.509647921726285
"WALKING_DOWNSTAIRS" 21 3 -0.531074045846152 0.512264571270128
"WALKING_DOWNSTAIRS" 22 3 -0.515613380859065 0.510491530961205
"WALKING_UPSTAIRS" 8 2 -0.427376775099607 0.498681363355834
"WALKING_UPSTAIRS" 11 2 -0.524889013946856 0.510217280027573
"WALKING_UPSTAIRS" 14 2 -0.470407319816446 0.506264788627301
"WALKING_UPSTAIRS" 15 2 -0.517068292901229 0.508486059876069
"WALKING_UPSTAIRS" 16 2 -0.545471854544871 0.515380709535846
"WALKING_UPSTAIRS" 17 2 -0.646742653954829 0.542409531325942
